
                    |1508,353 -624,780    0,000    0,000 -624,780  624,780 -883,573    0,000    0,000    0,000    0,000    0,000    0,000    0,000    0,000    0,000 | 
                    |-624,780  624,780    0,000    0,000  624,780 -624,780    0,000    0,000    0,000    0,000    0,000    0,000    0,000    0,000    0,000    0,000 | 
                    |   0,000    0,000 1508,353  624,780 -624,780 -624,780    0,000    0,000 -883,573    0,000    0,000    0,000    0,000    0,000    0,000    0,000 | 
                    |   0,000    0,000  624,780  624,780 -624,780 -624,780    0,000    0,000    0,000    0,000    0,000    0,000    0,000    0,000    0,000    0,000 | 
                    |-624,780  624,780 -624,780 -624,780 2499,122    0,000 -624,780 -624,780 -624,780  624,780    0,000    0,000    0,000    0,000    0,000    0,000 | 
                    | 624,780 -624,780 -624,780 -624,780    0,000 2499,122 -624,780 -624,780  624,780 -624,780    0,000    0,000    0,000    0,000    0,000    0,000 | 
                    |-883,573    0,000    0,000    0,000 -624,780 -624,780 3016,707    0,000    0,000    0,000 -624,780  624,780 -883,573    0,000    0,000    0,000 | 
                    |   0,000    0,000    0,000    0,000 -624,780 -624,780    0,000 1249,561    0,000    0,000  624,780 -624,780    0,000    0,000    0,000    0,000 | 
 Assembled matrix = |   0,000    0,000 -883,573    0,000 -624,780  624,780    0,000    0,000 3016,707    0,000 -624,780 -624,780    0,000    0,000 -883,573    0,000 | 
                    |   0,000    0,000    0,000    0,000  624,780 -624,780    0,000    0,000    0,000 1249,561 -624,780 -624,780    0,000    0,000    0,000    0,000 | 
                    |   0,000    0,000    0,000    0,000    0,000    0,000 -624,780  624,780 -624,780 -624,780 2499,122    0,000 -624,780 -624,780 -624,780  624,780 | 
                    |   0,000    0,000    0,000    0,000    0,000    0,000  624,780 -624,780 -624,780 -624,780    0,000 2499,122 -624,780 -624,780  624,780 -624,780 | 
                    |   0,000    0,000    0,000    0,000    0,000    0,000 -883,573    0,000    0,000    0,000 -624,780 -624,780 1508,353  624,780    0,000    0,000 | 
                    |   0,000    0,000    0,000    0,000    0,000    0,000    0,000    0,000    0,000    0,000 -624,780 -624,780  624,780  624,780    0,000    0,000 | 
                    |   0,000    0,000    0,000    0,000    0,000    0,000    0,000    0,000 -883,573    0,000 -624,780  624,780    0,000    0,000 1508,353 -624,780 | 
                    |   0,000    0,000    0,000    0,000    0,000    0,000    0,000    0,000    0,000    0,000  624,780 -624,780    0,000    0,000 -624,780  624,780 | 


                                               |   0,000 | 
                                               |   0,000 | 
                                               |   0,000 | 
                                               |   0,000 | 
                                               |   0,000 | 
                                               |   0,000 | 
                                               |   0,000 | 
                                               |   0,000 | 
 Second member (zeroes instead of reactions) = |   0,000 | 
                                               |   0,000 | 
                                               |   7,071 | 
                                               |  -7,071 | 
                                               |   0,000 | 
                                               |   0,000 | 
                                               |   0,000 | 
                                               |   0,000 | 


BC-simplified system

|2499,1217   0,0000 -624,7804 -624,7804 -624,7804 624,7804   0,0000   0,0000 |   | u3 |   |  0,0000 |
|  0,0000 2499,1217 -624,7804 -624,7804 624,7804 -624,7804   0,0000   0,0000 |   | v3 |   |  0,0000 |
|-624,7804 -624,7804 3016,7067   0,0000   0,0000   0,0000 -624,7804 624,7804 |   | u4 |   |  0,0000 |
|-624,7804 -624,7804   0,0000 1249,5608   0,0000   0,0000 624,7804 -624,7804 |   | v4 |   |  0,0000 |
|-624,7804 624,7804   0,0000   0,0000 3016,7067   0,0000 -624,7804 -624,7804 | . | u5 | = |  0,0000 |
|624,7804 -624,7804   0,0000   0,0000   0,0000 1249,5608 -624,7804 -624,7804 |   | v5 |   |  0,0000 |
|  0,0000   0,0000 -624,7804 624,7804 -624,7804 -624,7804 2499,1217   0,0000 |   | u6 |   |  7,0711 |
|  0,0000   0,0000 624,7804 -624,7804 -624,7804 -624,7804   0,0000 2499,1217 |   | v6 |   | -7,0711 |

Results

| u3 |    |  -0,001 | 
| v3 |    |  -0,001 | 
| u4 |    |   0,001 | 
| v4 |    |  -0,006 | 
| u5 | =  |   0,000 | 
| v5 |    |   0,000 | 
| u6 |    |   0,005 | 
| v6 |    |  -0,005 | 

