
                    | 150.835  -62.478    0.000    0.000  -62.478   62.478  -88.357    0.000    0.000    0.000    0.000    0.000    0.000    0.000    0.000    0.000 | 
                    | -62.478   62.478    0.000    0.000   62.478  -62.478    0.000    0.000    0.000    0.000    0.000    0.000    0.000    0.000    0.000    0.000 | 
                    |   0.000    0.000  150.835   62.478  -62.478  -62.478    0.000    0.000  -88.357    0.000    0.000    0.000    0.000    0.000    0.000    0.000 | 
                    |   0.000    0.000   62.478   62.478  -62.478  -62.478    0.000    0.000    0.000    0.000    0.000    0.000    0.000    0.000    0.000    0.000 | 
                    | -62.478   62.478  -62.478  -62.478  249.912    0.000  -62.478  -62.478  -62.478   62.478    0.000    0.000    0.000    0.000    0.000    0.000 | 
                    |  62.478  -62.478  -62.478  -62.478    0.000  249.912  -62.478  -62.478   62.478  -62.478    0.000    0.000    0.000    0.000    0.000    0.000 | 
                    | -88.357    0.000    0.000    0.000  -62.478  -62.478  301.671    0.000    0.000    0.000  -62.478   62.478  -88.357    0.000    0.000    0.000 | 
                    |   0.000    0.000    0.000    0.000  -62.478  -62.478    0.000  124.956    0.000    0.000   62.478  -62.478    0.000    0.000    0.000    0.000 | 
 Assembled matrix = |   0.000    0.000  -88.357    0.000  -62.478   62.478    0.000    0.000  301.671    0.000  -62.478  -62.478    0.000    0.000  -88.357    0.000 | 
                    |   0.000    0.000    0.000    0.000   62.478  -62.478    0.000    0.000    0.000  124.956  -62.478  -62.478    0.000    0.000    0.000    0.000 | 
                    |   0.000    0.000    0.000    0.000    0.000    0.000  -62.478   62.478  -62.478  -62.478  249.912    0.000  -62.478  -62.478  -62.478   62.478 | 
                    |   0.000    0.000    0.000    0.000    0.000    0.000   62.478  -62.478  -62.478  -62.478    0.000  249.912  -62.478  -62.478   62.478  -62.478 | 
                    |   0.000    0.000    0.000    0.000    0.000    0.000  -88.357    0.000    0.000    0.000  -62.478  -62.478  150.835   62.478    0.000    0.000 | 
                    |   0.000    0.000    0.000    0.000    0.000    0.000    0.000    0.000    0.000    0.000  -62.478  -62.478   62.478   62.478    0.000    0.000 | 
                    |   0.000    0.000    0.000    0.000    0.000    0.000    0.000    0.000  -88.357    0.000  -62.478   62.478    0.000    0.000  150.835  -62.478 | 
                    |   0.000    0.000    0.000    0.000    0.000    0.000    0.000    0.000    0.000    0.000   62.478  -62.478    0.000    0.000  -62.478   62.478 | 


                                               |   0.000 | 
                                               |   0.000 | 
                                               |   0.000 | 
                                               |   0.000 | 
                                               |   0.000 | 
                                               |   0.000 | 
                                               |   0.000 | 
                                               |  -5.000 | 
 Second member (zeroes instead of reactions) = |   0.000 | 
                                               |   0.000 | 
                                               |   0.000 | 
                                               |   0.000 | 
                                               |   0.000 | 
                                               |   0.000 | 
                                               |   0.000 | 
                                               |   0.000 | 


BC-simplified system

|249.9122   0.0000 -62.4780 -62.4780 -62.4780  62.4780   0.0000   0.0000 |   | u2 |   |  0.0000 |
|  0.0000 249.9122 -62.4780 -62.4780  62.4780 -62.4780   0.0000   0.0000 |   | v2 |   |  0.0000 |
|-62.4780 -62.4780 301.6707   0.0000   0.0000   0.0000 -62.4780  62.4780 |   | u3 |   |  0.0000 |
|-62.4780 -62.4780   0.0000 124.9561   0.0000   0.0000  62.4780 -62.4780 |   | v3 |   | -5.0000 |
|-62.4780  62.4780   0.0000   0.0000 301.6707   0.0000 -62.4780 -62.4780 | . | u4 | = |  0.0000 |
| 62.4780 -62.4780   0.0000   0.0000   0.0000 124.9561 -62.4780 -62.4780 |   | v4 |   |  0.0000 |
|  0.0000   0.0000 -62.4780  62.4780 -62.4780 -62.4780 249.9122   0.0000 |   | u5 |   |  0.0000 |
|  0.0000   0.0000  62.4780 -62.4780 -62.4780 -62.4780   0.0000 249.9122 |   | v5 |   |  0.0000 |

Results

| u2 |    |  -0.020 | 
| v2 |    |  -0.020 | 
| u3 |    |   0.000 | 
| v3 |    |  -0.080 | 
| u4 | =  |   0.000 | 
| v4 |    |   0.000 | 
| u5 |    |   0.020 | 
| v5 |    |  -0.020 | 

