
                    | 150,835   62,478  -88,357    0,000  -62,478  -62,478 | 
                    |  62,478   62,478    0,000    0,000  -62,478  -62,478 | 
                    | -88,357    0,000  150,835  -62,478  -62,478   62,478 | 
 Assembled matrix = |   0,000    0,000  -62,478   62,478   62,478  -62,478 | 
                    | -62,478  -62,478  -62,478   62,478  124,956    0,000 | 
                    | -62,478  -62,478   62,478  -62,478    0,000  124,956 | 


                                               |   0,000 | 
                                               |   0,000 | 
                                               |   0,000 | 
 Second member (zeroes instead of reactions) = |   0,000 | 
                                               |   0,000 | 
                                               |-100,000 | 


BC-simplified system

|150,8353 -62,4780  62,4780 |   | u2 |   |  0,0000 |
|-62,4780 124,9561   0,0000 | . | u3 | = |  0,0000 |
| 62,4780   0,0000 124,9561 |   | v3 |   |-100,0000 |

Results

| u2 |    |   0,566 | 
| u3 | =  |   0,283 | 
| v3 |    |  -1,083 | 

